943
273
247
39
27
20
17
2
9
4
3
1
2
1
3
1
1
2
3
2
3
2
5
1
1
1
4
3
1
2
105
8
4
1
2
3
2
15
14
8
3
1
2
1
1
1
1
2
66
49
14
4
3
1
3
1
2
2
1
9
6
3
2
1
2
8
4
2
1
2
8
1
5
3
2
9
3
2
1
4
2
11
3
2
2
5
3
1
3
2
1
14
1
8
2
4
2
4
2
31
19
3
2
3
1
3
1
7
5
3
1
1
8
3
1
3
2
1
2
55
43
14
13
7
4
3
1
2
2
3
2
28
19
15
5
4
2
8
4
3
1
2
3
2
8
6
3
1
1
3
2
6
2
1
1
2
10
9
8
4
3
2
1
2
5
4
1
1
20
15
14
2
4
2
7
5
4
2
3
1
5
2
1
318
295
281
238
16
6
1
4
3
2
1
4
1
2
2
1
169
124
44
32
15
1
12
8
5
1
1
1
2
2
14
3
1
6
2
3
2
2
1
2
7
4
3
2
1
1
2
79
3
2
10
8
5
3
1
2
49
29
18
7
4
2
1
10
6
5
1
1
2
3
2
8
7
3
1
3
2
1
3
2
3
1
12
4
3
2
6
5
2
2
9
7
6
3
2
2
3
2
3
2
16
11
4
1
2
2
4
1
2
1
2
2
8
7
3
2
1
1
16
4
2
4
1
1
5
1
3
1
1
2
14
8
3
1
4
2
2
1
1
31
25
9
1
3
1
1
1
1
8
5
3
1
1
5
4
1
1
2
2
1
2
5
3
2
2
34
27
1
15
6
4
3
1
4
3
2
2
1
5
4
1
2
4
3
2
6
4
1
2
2
1
1
4
2
10
2
6
3
2
1
1
2
13
2
2
7
2
2
2
8
5
4
2
2
263
62
37
22
12
9
1
2
5
2
1
1
5
4
3
2
4
1
1
10
6
1
3
1
3
1
3
2
16
7
1
2
2
7
1
1
1
1
1
1
2
2
3
2
127
61
52
32
21
9
5
4
3
1
3
1
11
1
4
2
1
4
1
2
7
2
1
3
1
2
8
6
1
2
1
2
3
1
1
4
3
1
4
3
2
3
2
21
2
9
6
1
2
2
2
4
1
1
4
3
2
26
24
17
6
5
2
2
5
2
2
5
2
2
6
2
1
2
7
2
4
1
2
6
1
3
2
4
2
17
8
2
5
3
2
5
4
1
2
2
23
10
7
6
4
2
1
3
1
3
1
4
1
1
2
26
20
17
6
3
2
1
2
8
1
4
3
2
1
1
5
4
3
2
6
3
1
1
27
1
21
19
13
3
1
7
6
2
1
2
2
2
3
1
4
1
1
43
17
7
4
1
2
1
1
6
3
2
2
2
7
2
4
2
7
4
2
1
9
6
4
1
1
2
1
12
2
9
2
6
5
4
2
2
1
3
1
42
27
7
4
1
2
1
15
4
3
1
5
3
1
2
3
2
4
2
8
2
3
2
1
3
1
2
3
2
10
8
3
1
1
1
1
1